
My result is:

C:  < 315.354, 311.764, 28.5847 >


/** Data used */
M: 
-0.178551  0.503064 0.0118979 0.0132528
0.0870779 0.0209005  0.527983  0.027439
 -0.27146 -0.132166 0.0673299 -0.575759

Q: 
-0.178551  0.503064 0.0118979
0.0870779 0.0209005  0.527983
 -0.27146 -0.132166 0.0673299

m4 : 
0.0132528
0.027439
-0.575759

T3 : 
0.283844        0        0 -87.7714
       0 0.283844        0 -87.8424
       0        0 0.283844 -8.37431
       0        0        0        1
T3 inv : 
3.52306       0       0 309.224
      0 3.52306       0 309.474
      0       0 3.52306 29.5032
      0       0       0       1


C hat: 
1.73983
0.650023
-0.260705

